[mounting]
delta_theta = [ -2.167751405586049e-07, -0.378191172245832097, 0.631587214493515847, -0.253395619641066772, 3.02508290660197243e-07, 4.72296491623846321e-07]
delta_a = [ 0.000107242435109628639, 0.0437162350588863324, 0.0186156199602901529, -9.73554536108685382e-06, -6.29696993794026709e-05, 0]
delta_d = [ 1.84889505388807773e-05, -257.998067410123156, 200.68502418037707, 57.3136103178647645, 7.28229434542732035e-05, -0.00119733731781572483]
delta_alpha = [ 0.000322713768509563792, 0.000876228873736798679, -0.00249840657001448602, 0.000381564235125475548, 0.000272946260788664574, 0]
joint_checksum = [ 0x91250f56, 0x9134d1b4, 0x3144483f, 0xa74aa33d, 0xa72b9b3c, 0xa72c18c0]
calibration_status = 2 # 0 == notInitialized / 1 == notLinearised / 2 == Linearised
joint_raw_offset = [ 4.29819393157958984, 4.29065752029418945, -5.18026399612426758, 3.73643064498901367, 3.73593807220458984, 3.74360513687133789]
joint_selftest_data_crc = [ 0x509b8488, 0x50ab84a3, 0x709e8386, 0x66db818f, 0x66bc81a0, 0x66bc8186]
